P0: 7.215377e+02 0.000000e+00 6.095593e+02 0.000000e+00
P1: 7.215377e+02 0.000000e+00 6.095593e+02 0.000000e+00
P2: 7.215377e+02 0.000000e+00 6.095593e+02 4.485728e+01
P3: 7.215377e+02 0.000000e+00 6.095593e+02 4.485728e+01
R0_rect: 1.0 0.0 0.0 0.0 1.0 0.0 0.0 0.0 1.0
Tr_velo_to_cam: 7.533745e-03 -9.999714e-01 -6.166020e-04 -4.069766e-03 1.480249e-02 7.280733e-04 -9.998902e-01 -7.631618e-02 9.998621e-01 7.523790e-03 1.480755e-02 -2.717806e-01